<?xml version="1.0"?>
<opencv_storage>
<R type_id="opencv-matrix">
  <rows>3</rows>
  <cols>3</cols>
  <dt>d</dt>
  <data>
    9.9912072703100652e-01 -1.0746842325245974e-02
    -4.0525031734340598e-02 1.1019270589997627e-02
    9.9991812635251864e-01 6.5050954899196376e-03 4.0451804566637377e-02
    -6.9459320256435803e-03 9.9915734773638010e-01</data></R>
<T type_id="opencv-matrix">
  <rows>3</rows>
  <cols>1</cols>
  <dt>d</dt>
  <data>
    6.3868963150456466e+01 1.1450565925304586e+00
    -2.2286689297239479e+00</data></T>
<R1 type_id="opencv-matrix">
  <rows>3</rows>
  <cols>3</cols>
  <dt>d</dt>
  <data>
    -9.9713971771018250e-01 -7.4165753235868916e-03
    7.5215542112833239e-02 7.1687469859636243e-03
    -9.9996795168776098e-01 -3.5643602560693926e-03
    7.5239566927973928e-02 -3.0149639887354215e-03
    9.9716092861716044e-01</data></R1>
<R2 type_id="opencv-matrix">
  <rows>3</rows>
  <cols>3</cols>
  <dt>d</dt>
  <data>
    -9.9923136717553229e-01 -1.7914436183224441e-02
    3.4867575607633372e-02 1.8053387420093513e-02
    -9.9983027280518855e-01 3.6743414324770141e-03
    3.4795833876728133e-02 4.3009950638877286e-03 9.9938518669544207e-01</data></R2>
<P1 type_id="opencv-matrix">
  <rows>3</rows>
  <cols>4</cols>
  <dt>d</dt>
  <data>
    5.0659194105986916e+02 0. 2.7708588790893555e+02 0. 0.
    5.0659194105986916e+02 2.4080637931823730e+02 0. 0. 0. 1. 0.</data></P1>
<P2 type_id="opencv-matrix">
  <rows>3</rows>
  <cols>4</cols>
  <dt>d</dt>
  <data>
    5.0659194105986916e+02 0. 2.7708588790893555e+02
    -3.2380390646991375e+04 0. 5.0659194105986916e+02
    2.4080637931823730e+02 0. 0. 0. 1. 0.</data></P2>
<Q type_id="opencv-matrix">
  <rows>4</rows>
  <cols>4</cols>
  <dt>d</dt>
  <data>
    1. 0. 0. -2.7708588790893555e+02 0. 1. 0. -2.4080637931823730e+02 0.
    0. 0. 5.0659194105986916e+02 0. 0. 1.5645022525598812e-02 0.</data></Q>
</opencv_storage>
